// Reference:
// Accurate high-temperature reaction networks for alternative fuels: Butanol isomers
// Kevin M. Van Geem, Steven P. Pyl, and Guy B. Marin
// Michael R. Harper, William H. Green
// Ind. Eng. Chem. Res. 2010 49 (21) 10399-10420
// dx.doi.org/10.1021/ie1005349
// Uncertainties are MRH best-guess
sBuOH			-70.51	83.05	28.21	34.50	40.21	45.08	52.80	58.62	67.90	2.0	1.0	1.0
CH2CH[OH]C2H5	-20.29	85.12	28.32	34.19	39.30	43.58	50.27	55.31	63.42	2.0	1.0	1.0
CH3C[OH]C2H5	-28.11	85.48	27.09	32.67	37.82	42.25	49.33	54.67	63.16	2.0	1.0	1.0
CH3CH[O]C2H5	-16.68	81.26	27.15	33.15	38.50	43.06	50.30	55.76	64.36	2.0	1.0	1.0
CH3CH[OH]CHCH3	-22.93	85.73	29.60	34.49	38.99	42.99	49.61	54.76	63.12	2.0	1.0	1.0
CH3CH[OH]CH2CH2	-21.44	85.19	28.95	34.38	39.34	43.58	50.30	55.39	63.54	2.0	1.0	1.0
HOCHC2H5		-18.03	77.53	20.59	25.27	29.45	32.98	38.48	42.60	49.12	2.0	1.0	1.0
HOCHCH3			-13.27	68.07	15.60	18.61	21.40	23.78	27.55	30.37	34.91	2.0	1.0	1.0
CH3CH[OH]CH2	-15.05	76.17	22.88	27.27	31.04	34.18	39.13	42.92	49.13	2.0	1.0	1.0
tBuOH			-75.87	78.30	28.26	35.02	40.83	45.65	53.18	58.85	67.96	2.0	1.0	1.0
OC[CH3]3		-21.12	76.85	27.25	33.57	38.95	43.42	50.47	55.80	64.28	2.0	1.0	1.0
HOC[CH2][CH3]2	-24.74	81.50	29.21	35.23	40.22	44.31	50.69	55.53	63.46	2.0	1.0	1.0
tC4H9			12.48	76.49	21.47	26.48	31.51	36.05	43.52	49.21	58.13	2.0	1.0	1.0
HOC[CH3]2		-23.50	74.70	21.59	25.81	29.71	33.10	38.53	42.63	49.16	2.0	1.0	1.0

// Reference:
// High-temperature oxidation chemistry of n-butanol - Experiments in low-pressure premixed flames and detailed kinetic modeling
// Nils Hansen, Michael R. Harper, William H. Green
// Phys. Chem. Chem. Phys. (under review as of 27-Jun-2011)
// Uncertainties are MRH best-guess
C3H5OJ(17)	22.25	72.17	19.21	23.32	26.93	29.77	33.8	36.58	40.96	2.0	1.0	1.0
C4H7O_1_2	-8.11	80.56	25.48	30.4	34.84	38.6	44.45	48.8	55.64	2.0	1.0	1.0
C4H7O-13	-2.41	79.66	27.06	31.99	36.04	39.42	44.8	48.92	55.62	2.0	1.0	1.0
C4H7OJ(13)	-2.61	86.64	23.05	27.77	32.28	36.23	42.54	47.26	54.54	2.0	1.0	1.0
CH2CHCCHOH	38.05	76.08	23.22	28.44	32.51	35.55	39.78	42.75	47.48	2.0	1.0	1.0
CH3CHCHCO	14.06	75.12	22.13	26.48	30.11	33.1	37.72	41.11	46.34	2.0	1.0	1.0
CHCCHCHOH	28.19	73.91	22.23	26.36	29.54	32.03	35.69	38.3	42.41	2.0	1.0	1.0
iC4H5OJ(14)	14.08	76.7	22.34	26.71	30.14	32.93	37.32	40.67	46.00	2.0	1.0	1.0
iC4H5OJ(15)	12.77	74.84	22.08	26.8	30.77	34.04	39.05	42.66	48.02	2.0	1.0	1.0
iC4H7OJ(17)	-1.97	78.93	25.6	30.87	35.26	38.89	44.56	48.86	55.75	2.0	1.0	1.0
iC4H7OJ(48)	-0.88	82.81	25.44	29.81	33.87	37.43	43.22	47.64	54.64	2.0	1.0	1.0
iC4H7OJ(51) -14.49  80.22   23.27   27.89   32.25   36.12   42.42   47.16   54.56   2.0 1.0 1.0
tSPC(1286)	-11.00	79.85	22.68	26.88	30.42	33.26	37.32	39.96	43.51	2.0	1.0	1.0
tSPC(1553)	-19.27	73.08	18.28	22.22	25.51	28.12	31.86	34.37	37.97	2.0	1.0	1.0
tSPC(343)	-6.43	80.94	25.61	31.29	35.94	39.68	45.17	48.86	53.87	2.0	1.0	1.0

// Reference:
// Comprehensive reaction mechanism for n-butanol pyrolysis and combustion
// Michael R. Harper, Kevin M. Van Geem, Steven P. Pyl, Guy B. Marin, William H. Green
// Combust. Flame 158 (1) 2011 16-41
// dx.doi.org/10.1016/j.combustflame.2010.06.002
nC4H10O		-66.09	85.90	27.32	33.59	39.43	44.44	52.40	58.38	67.83	2.0	1.0	1.0
C4H9O-1		-16.27	88.99	26.95	32.82	38.15	42.65	49.68	54.93	63.28	2.0	1.0	1.0
C4H9O-2		-19.70	88.40	27.35	32.64	37.79	42.30	49.47	54.84	63.30	2.0	1.0	1.0
C4H9O-3		-18.50	88.73	28.25	33.57	38.32	42.48	49.29	54.55	63.04	2.0	1.0	1.0
C4H9O-4		-23.13	86.30	26.57	32.71	38.13	42.67	49.73	54.99	63.34	2.0	1.0	1.0
C4H9O-5		-13.43	82.96	26.61	32.68	38.16	42.84	50.26	55.81	64.46	2.0	1.0	1.0

// Reference:
// Unpublished work by MRH
iBuOH		-68.34	83.38	27.21	33.74	39.68	44.72	52.64	58.55	67.90	2.0	1.0	1.0
C4H9Oi1		-18.28	86.11	28.03	33.68	38.81	43.16	49.99	55.12	63.33	2.0	1.0	1.0
C4H9Oi2		-22.94	84.64	27.11	32.27	37.18	41.54	48.70	54.18	62.91	2.0	1.0	1.0
C4H9Oi3		-24.24	84.93	27.12	33.12	38.42	42.88	49.87	55.11	63.43	2.0	1.0	1.0
C4H9Oi4		-15.78	80.19	26.32	32.81	38.45	43.15	50.50	55.97	64.52	2.0	1.0	1.0
C4H7OJ(9)	  9.68	81.00	26.26	31.38	35.64	39.11	44.43	48.41	54.85	2.0	1.0	1.0
fulvalene	 90.89	84.60	33.71	44.95	54.19	61.46	71.89	78.98	89.33	2.0	1.0	1.0
C5H4C5H5	100.63	93.09	36.24	47.77	57.22	64.69	75.48	82.89	93.75	2.0	1.0	1.0
//C4H7-14
//C4H7OJ(79)
//C4H6Oi-13
