////////////////////////////////////////////////////////////////////////////////
//
//  GRI-Mech3.0 library
//
////////////////////////////////////////////////////////////////////////////////

1      s00000208                          171.271   37.7801    4.9798    4.9734    4.9715    4.9711    4.9692    4.9691    4.9742         0         0         0     
2      s00002295                           135.31   50.9787   10.0485   10.5393   10.8828   11.1958   11.9369   12.6543   14.1032         0         0         0     
3      s00002305                          54.5337     48.01   10.5476   12.0136   13.0765   13.8878   15.1592   16.2292   18.1726         0         0         0     
4      s00002431                         -11.4012   57.7998   12.4027   14.2004   15.6747   16.8939   18.7914   20.2463   22.5514         0         0         0     
5      s00002432                          18.7002   56.2443   13.9828   15.7658   17.0442   18.0315   19.6529   21.0031   23.2596         0         0         0     Neither TRange included 298K!
6      s00002447                          71.6303   55.8909   10.2397   12.0282   13.7085   15.1698   17.3442   19.0697   21.8125         0         0         0     
7      s00002559                            5.997   63.9953   13.1758   15.1461   16.9608   18.5959   21.3009   23.3432   26.3517         0         0         0     Neither TRange included 298K!
8      s00002577                          12.5449   52.4085   10.2892   12.5808   14.8838   16.9528   20.0509   22.4865   26.3011         0         0         0     
9      s00002656                          -39.718    63.073    13.265   15.7804   18.2902   20.5798   24.1643    26.911   30.9565         0         0         0     
10     s00002703                          28.3551   59.0506   12.1085   14.5881   17.0748    19.349   22.9308   25.7757    30.295         0         0         0     
11     s00002784                         -20.0407   54.7727   12.5989   15.5691   18.5786   21.3595   25.8037   29.3182   34.8751         0         0         0     
12     s00003017                          42.3961   58.9514   11.6001   12.9016   13.8887   14.6586    15.815   16.6647   17.9598         0         0         0     Neither TRange included 298K!
13     s00003749                         -24.8216   64.5594   17.6729    22.488   26.8645   30.7445   37.0108   41.7294   48.8319         0         0         0     Neither TRange included 298K!
14     s00009010                          142.751   43.7385    6.9722    6.9853    7.0277    7.1072    7.3738    7.7111    8.5599         0         0         0     
15     s00009012                          102.734   45.2159    8.0767    8.3274    8.6613    9.0402    9.8277   10.5707   11.8972         0         0         0     
16     s00009015                           93.759   46.4583    8.3744    8.7312    9.0805    9.4126   10.0265   10.6563   11.8659         0         0         0     
17     s00009076                         -25.9497   52.2757    8.4703    9.3623   10.4367    11.524   13.3741   14.8153   17.0067         0         0         0     
18     s00009089                          35.1048   46.3598    9.1952    9.9751   10.7531   11.5019   12.8632   14.0828   16.2904         0         0         0     
19     s00009173                           3.8949   54.5988    9.0791   10.7854    12.432   13.9755   16.6291   18.5968   21.5101         0         0         0     Neither TRange included 298K!
20     s00009174                          -3.4975    58.286   11.5842   12.9049   14.1314   15.2327   17.0407   18.4987   20.9633         0         0         0     
21     s00009193                         -17.8292   44.5349    8.5461     9.686   11.1112   12.6016   15.2944    17.593   21.6069         0         0         0     
22     s00009219                         -48.0222   57.3045   10.5521   12.2835   14.2254   16.0912   19.0716   21.4265   25.1953         0         0         0     
23     s00009325                          10.0359   53.6078    8.2736    8.7177    9.2417      9.78   10.7402   11.4859   12.5894         0         0         0     
24     s00009358                         -26.4155   47.2322    6.9646      7.02    7.1241    7.2685     7.622    7.9253    8.4148         0         0         0     
25     s00009360                         -94.0423   51.0868    8.8944    9.8646   10.6635   11.3172   12.2908   12.9818   13.9559         0         0         0     
26     s00009800                          52.0965   27.4128    4.9675    4.9675    4.9675    4.9675    4.9675    4.9675    4.9675         0         0         0     
27     s00009809                        -0.0010521   31.2263    6.8947    6.9967    7.0015    6.9912    7.0775    7.2085    7.7142         0         0         0     
28     s00009881                         -57.7928   45.1219    8.0289    8.1893    8.4154    8.6799    9.2564    9.8687   11.3017         0         0         0     
29     s00009882                         -32.4741   56.0421   10.1468   11.0801   11.9818   12.7799   13.9821   14.9309    16.604         0         0         0     
30     s00010102                           9.4021   43.9063    7.1402    7.0675    7.0458    7.0581    7.1493    7.3353    7.8741         0         0         0     
31     s00010103                           2.9984   54.7475    8.3476    8.8852    9.4641    9.9944   10.7704   11.3791   12.4826         0         0         0     
32     s00010285                           59.547   38.4879    5.2338    5.1292    5.0777    5.0517    5.0156    5.0005    4.9819         0         0         0     
33     s00010295                        -0.0010244   49.0236    7.0233    7.1986    7.4285    7.6673    8.0656    8.3363    8.7407         0         0         0     
