
//H2
H2                          0.000    31.095   6.948   6.948   6.949   6.954   6.995   7.095   7.493   0.000   0.000   0.000

//CH radical
CH                        142.315    43.643   6.948   6.956   6.990   7.060   7.285   7.550   8.079   0.000   0.000   0.000

//CH2 singlet
CH2(S)                    102.462    45.144   8.063   8.310   8.633   8.995   9.765  10.497  11.831   0.000   0.000   0.000

//CH2 triplet
CH2(T)                     93.790    46.586   8.296   8.655   8.981   9.279   9.870  10.466  11.687   0.000   0.000   0.000

//methyl radical
CH3                        35.163    46.435   9.360  10.115  10.854  11.553  12.856  14.029  16.210   0.000   0.000   0.000

//methane
CH4                       -17.645    44.410   8.492   9.605  10.975  12.356  14.873  16.970  20.511   0.000   0.000   0.000

//hydroxyl radical
OH                          8.911    43.903   6.948   6.948   6.953   6.971   7.066   7.234   7.723   0.000   0.000   0.000

//H2O
H2O                       -58.023    45.035   7.998   8.160   8.392   8.649   9.189   9.749  11.025   0.000   0.000   0.000

//carbon monoxide
CO                        -26.323    47.136   6.954   6.995   7.094   7.240   7.575   7.872   8.342   0.000   0.000   0.000

//formyl radical
HCO                        10.166    53.514   8.254   8.683   9.176   9.680  10.604  11.341  12.468   0.000   0.000   0.000

//formaldehyde
CH2O                      -26.159    52.160   8.443   9.326  10.378  11.422  13.254  14.685  16.902   0.000   0.000   0.000

//hydroxymethylene singlet
HCOH(S)                    26.108    53.701   8.690   9.849  11.134  12.347  14.347  15.799  17.849   0.000   0.000   0.000

//hydroxymethylene triplet
HCOH(T)                    51.830    58.324  10.197  11.246  12.177  12.943  14.111  14.992  16.475   0.000   0.000   0.000

//methoxy radical
CH3O                        4.884    54.422   9.872  11.640  13.325  14.806  17.210  19.036  21.889   0.000   0.000   0.000

//hydroxymethyl radical
CH2OH                      -3.590    58.190  11.448  12.958  14.318  15.456  17.227  18.589  20.925   0.000   0.000   0.000

//methanol
CH3OH                     -48.240    57.185  10.587  12.352  14.254  16.013  18.952  21.247  25.018   0.000   0.000   0.000

//O2
O2                          0.000    48.924   7.000   7.151   7.369   7.596   7.977   8.239   8.580   0.000   0.000   0.000

//hydroperoxyl radical
HO2                         2.733    54.609   8.285   8.816   9.377   9.875  10.664  11.259  12.253   0.000   0.000   0.000

//hydrogen-peroxide
HOOH                      -32.097    55.779   9.897  10.831  11.728  12.501  13.720  14.660  16.279   0.000   0.000   0.000

//carbon dioxide
CO2                       -94.125    50.992   8.869   9.845  10.626  11.264  12.229  12.898  13.822   0.000   0.000   0.000

//hydroxycarbonyl radical
HOCO                      -43.681    60.193  11.253  12.802  13.956  14.837  16.078  16.880  17.908   0.000   0.000   0.000

//formyloxy radical
formyloxy                 -30.207    60.345  12.240  13.410  14.377  15.196  16.462  17.336  18.524   0.000   0.000   0.000

//formic acid
formic_acid               -90.466    59.464  11.017  13.147  15.139  16.849  19.423  21.140  23.318   0.000   0.000   0.000

//methylperoxy radical
CH3OO                       3.263    64.410  12.076  14.177  16.239  18.046  20.904  23.012  26.263   0.000   0.000   0.000

//hydroxymethoxy radical
HOCH2O                    -40.555    64.473  13.221  15.915  18.157  19.910  22.422  24.168  26.843   0.000   0.000   0.000

//methyl-hydroperoxide
CH3OOH                    -30.726    67.106  14.618  17.113  19.403  21.368  24.470  26.791  30.466   0.000   0.000   0.000

//3-dioxiranone
cCO3                      -39.061    60.992  11.641  13.420  14.737  15.718  17.036  17.843  18.839   0.000   0.000   0.000

//formylperoxy radical
formylperoxy              -25.183    66.189  14.255  16.544  18.298  19.623  21.416  22.504  23.781   0.000   0.000   0.000

//formyl-hydroperoxide
OCHOOH                    -69.069    67.243  17.217  19.740  21.349  22.485  24.140  25.387  27.466   0.000   0.000   0.000

//hydroperoxy-methoxy radical
HOOCH2O                   -21.543    72.641  19.059  21.820  23.763  25.265  27.536  29.213  31.870   0.000   0.000   0.000

//hydroxymethyl-peroxy radical
HOCH2OO                   -39.477    72.460  17.716  20.358  22.565  24.339  26.928  28.737  31.532   0.000   0.000   0.000

//hydroperoxy-methanol
HOOCH2OH                  -75.310    72.773  19.912  23.176  25.963  28.132  31.112  33.100  36.163   0.000   0.000   0.000

//C2 singlet
//C2(S)	   197.564	    45.463	     6.970	     7.063	     7.228	     7.426	     7.802	     8.087	     8.488

//C2 triplet
C2(T)                     199.390    47.814   6.990   7.126   7.332   7.553   7.934   8.203   8.559   0.000   0.000   0.000

//ethynyl radical
HC2                       135.700    51.641  10.340  10.641  10.891  11.150  11.697  12.221  13.212   0.000   0.000   0.000

//acetylene ethyne
C2H2                       54.640    47.728  10.273  11.786  12.854  13.669  14.942  15.966  17.787   0.000   0.000   0.000

//acetylene triplet
C2H2(T)                   143.701    54.212   9.634  10.896  11.974  12.877  14.323  15.440  17.247   0.000   0.000   0.000

//vinylidene singlet
H2CC(S)                    98.417    53.097  10.526  11.500  12.355  13.107  14.382  15.421  17.180   0.000   0.000   0.000

//vinylidene triplet
H2CC(T)                   145.946    55.633   9.320  10.467  11.539  12.482  14.029  15.223  17.135   0.000   0.000   0.000

//vinyl radical
C2H3                       71.151    55.777  10.415  12.276  13.886  15.235  17.385  19.047  21.768   0.000   0.000   0.000

//ethylidyne radical
CCH3                      120.390    56.468  10.461  12.226  13.853  15.263  17.545  19.284  22.020   0.000   0.000   0.000

//ethene
C2H4                       12.476    52.254  10.170  12.505  14.733  16.674  19.803  22.200  26.076   0.000   0.000   0.000

//ethene triplet
C2H4(T)                    79.052    57.013  13.222  15.372  17.192  18.725  21.229  23.224  26.514   0.000   0.000   0.000

//ethylidene singlet
CHCH3(S)                   87.469    57.911  11.521  13.507  15.431  17.150  20.007  22.231  25.785   0.000   0.000   0.000

//ethylidene triplet
CHCH3(T)                   84.827    59.111  11.007  13.097  15.099  16.860  19.742  21.977  25.583   0.000   0.000   0.000

//ethyl radical
C2H5                       28.934    59.122  12.251  14.774  17.181  19.314  22.843  25.611  30.127   0.000   0.000   0.000

//ethane
C2H6                      -20.028    54.726  12.565  15.512  18.421  21.059  25.487  28.964  34.591   0.000   0.000   0.000

//dicarbon monoxide singlet
C2O(S)                    110.367    53.610  10.245  11.021  11.645  12.161  12.939  13.461  14.149   0.000   0.000   0.000

//dicarbon monoxide triplet
C2O(T)                     91.049    55.836  10.343  11.096  11.703  12.208  12.970  13.483  14.160   0.000   0.000   0.000

//kentyl radical
HCCO                       42.404    58.805  11.970  13.092  13.942  14.635  15.735  16.572  17.909   0.000   0.000   0.000

//ethynol
ethynol                    22.030    59.097  13.438  15.172  16.461  17.467  19.010  20.208  22.286   0.000   0.000   0.000

//ketene
ketene                    -11.679    57.631  12.306  14.108  15.568  16.770  18.670  20.117  22.439   0.000   0.000   0.000

//CHCHO
ketene(T)                  38.991    62.753  13.107  15.207  16.880  18.179  19.979  21.136  22.731   0.000   0.000   0.000

//oxirene
oxirene                    65.089    60.479  13.179  15.057  16.524  17.671  19.382  20.642  22.684   0.000   0.000   0.000

//oxiranyl radical
oxiranyl                   39.967    60.352  11.243  14.159  16.706  18.770  21.828  23.989  27.256   0.000   0.000   0.000

//2-hydroxy-vinyl radical
CHCHOH                     31.463    62.748  14.653  17.718  19.999  21.591  23.584  24.881  27.021   0.000   0.000   0.000

//1-hydroxy-vinyl radical
CH2COH                     27.838    64.116  14.363  16.856  18.744  20.190  22.320  23.901  26.535   0.000   0.000   0.000

//vinoxy radical
vinoxy                      4.427    61.853  12.720  15.276  17.486  19.318  22.133  24.186  27.351   0.000   0.000   0.000

//acetyl radical
acetyl                     -2.271    63.738  12.064  14.111  16.078  17.824  20.667  22.815  26.158   0.000   0.000   0.000

//oxirane ethylene-oxide
oxirane                   -12.356    57.942  11.426  14.853  17.980  20.587  24.544  27.388  31.722   0.000   0.000   0.000

//ethenol vinyl alcohol
ethenol                   -29.857    62.176  15.024  18.066  20.543  22.511  25.445  27.605  31.144   0.000   0.000   0.000

//acetaldehyde
CH3CHO                    -39.589    62.986  12.966  15.477  17.954  20.181  23.829  26.589  30.869   0.000   0.000   0.000

//ethoxy radical
CH3CH2O                    -3.059    66.844  15.802  18.824  21.653  24.132  28.151  31.206  36.006   0.000   0.000   0.000

//methoxy-methyl radical
CH3OCH2                     0.773    67.315  15.533  18.290  21.024  23.462  27.406  30.387  35.080   0.000   0.000   0.000

//2-hydroxy-ethyl radical
CH2CH2OH                   -5.946    69.419  16.841  19.488  21.955  24.106  27.598  30.309  34.795   0.000   0.000   0.000

//1-hydroxy-ethyl radical
CH3CHOH                   -13.048    68.089  15.825  18.764  21.494  23.839  27.553  30.360  34.892   0.000   0.000   0.000

//ethanol
ethanol                   -56.422    66.773  15.674  19.241  22.574  25.462  30.088  33.605  39.265   0.000   0.000   0.000

//dimethyl-ether
DME                       -43.917    63.856  15.775  18.915  22.066  24.947  29.763  33.488  39.389   0.000   0.000   0.000

//ethenedial triplet
OCCO(T)                     4.834    61.184  14.208  15.201  15.983  16.649  17.719  18.490  19.579   0.000   0.000   0.000

//1,2-dionyl-ethyl radical
OCHCO                     -14.899    67.191  13.857  15.602  17.092  18.334  20.230  21.559  23.460   0.000   0.000   0.000

//1-hydroxyl-ketenyl radical
OCCOH                       5.313    65.745  14.276  16.054  17.471  18.612  20.304  21.483  23.249   0.000   0.000   0.000

//glyoxal
glyoxal                   -50.919    64.554  14.478  17.028  19.406  21.413  24.263  26.010  28.192   0.000   0.000   0.000

//oxiranone aceto-lactone
oxiranone                 -41.023    63.082  13.081  15.993  18.414  20.353  23.198  25.160  28.016   0.000   0.000   0.000

//hydroxy-ketene
hydroxyketene             -36.154    66.577  15.920  18.159  19.881  21.236  23.268  24.755  27.132   0.000   0.000   0.000

//ethynediol
ethynediol                 -5.130    67.354  17.316  18.995  20.349  21.460  23.198  24.538  26.841   0.000   0.000   0.000

//vinylperoxy radical
CH2CHOO                    27.516    68.050  16.796  20.057  22.697  24.760  27.694  29.683  32.629   0.000   0.000   0.000

//2-hydroperoxyl-vinyl radical
CHCHOOH                    53.494    74.802  18.500  21.013  23.088  24.719  27.092  28.788  31.504   0.000   0.000   0.000

//formyl-methoxy radical
OCH2CHO                   -18.263    70.091  15.735  19.025  21.803  24.021  27.241  29.443  32.623   0.000   0.000   0.000

//formyloxyl-methyl radical
CH2OCHO                   -37.259    70.119  17.173  20.159  22.873  25.133  28.423  30.563  33.294   0.000   0.000   0.000

//methoxyl-formyl radical
CH3OCO                    -37.616    70.503  15.263  17.744  20.194  22.368  25.812  28.271  31.762   0.000   0.000   0.000

//oxiranyloxy radical
cC2H3O2                    -8.906    67.786  15.486  18.872  21.696  23.961  27.294  29.620  33.074   0.000   0.000   0.000

//acetyloxy radical
acetyloxy                 -44.885    67.738  14.611  17.659  20.335  22.562  25.943  28.347  31.931   0.000   0.000   0.000

//2-hydroperoxyl-vinyl radical
CH2COOH                   -55.793    67.800  16.495  19.865  22.653  24.954  28.451  30.839  33.784   0.000   0.000   0.000

//vinyl-hydroperoxide
CH2CHOOH                   -9.200    73.038  18.382  21.576  24.393  26.691  30.095  32.505  36.237   0.000   0.000   0.000

//acetic acid
acetic_acid              -103.256    68.232  15.539  19.209  22.499  25.328  29.785  32.989  37.443   0.000   0.000   0.000

//methyl-formate
methyl_formate            -85.596    69.003  15.451  18.667  21.952  24.911  29.595  32.888  37.375   0.000   0.000   0.000

//cis-ethen-1,2-diol
HOCHCHOH                  -68.797    68.764  17.079  21.406  25.070  27.861  31.436  33.559  36.617   0.000   0.000   0.000

//hydroxy-acetaldehyde
HOCH2CHO                  -76.040    68.745  17.667  21.961  25.631  28.398  31.960  34.133  37.211   0.000   0.000   0.000

//ethylperoxy radical
CH3CH2OO                   -5.033    74.152  17.576  21.349  24.744  27.614  32.088  35.388  40.506   0.000   0.000   0.000

//hydroperoxyl-ethyl radical
CH2CH2OOH                  12.161    79.034  19.841  23.332  26.389  28.922  32.800  35.647  40.140   0.000   0.000   0.000

//1,2-dihydroxyl-ethyl radical
HOCH2CHOH                 -50.001    75.152  21.752  25.836  29.029  31.399  34.651  36.913  40.601   0.000   0.000   0.000

//3-hydroxyl-ethoxy radical
HOCH2CH2O                 -39.262    71.449  20.941  25.839  29.129  31.403  34.627  37.067  41.184   0.000   0.000   0.000

//hydroxyl,methoxyl-methyl radical
CH3OCHOH                  -43.809    73.603  20.939  24.674  27.531  29.733  33.069  35.628  39.922   0.000   0.000   0.000

//hydroxymethoxyl-methyl radical
HOCH2OCH2                 -42.696    74.398  22.780  26.011  28.451  30.430  33.556  35.993  40.114   0.000   0.000   0.000

//methoxyl-methoxy radical
CH3OCH2O                  -35.159    74.159  17.428  21.195  24.672  27.637  32.257  35.630  40.750   0.000   0.000   0.000

//ethyl-hydroperoxide
CH3CH2OOH                 -38.534    75.154  20.000  24.099  27.750  30.835  35.650  39.218  44.799   0.000   0.000   0.000

//dimethyl-peroxide
CH3OOCH3                  -29.144    72.224  19.474  23.302  26.877  30.001  35.042  38.862  44.844   0.000   0.000   0.000

//ketenylperoxy radical
ketenylperoxy              19.158    75.792  18.667  20.748  22.358  23.607  25.410  26.646  28.437   0.000   0.000   0.000

//acetylperoxy radical
acetylperoxy              -37.465    76.208  19.907  23.071  25.848  28.147  31.557  33.900  37.280   0.000   0.000   0.000

//formylmethyl-peroxy radical
vinoxyperoxy              -18.878    77.552  19.793  23.218  26.099  28.389  31.698  33.966  37.286   0.000   0.000   0.000

//hydroperoxyl-acetyl radical
hoo_acetyl                -17.755    79.317  22.346  25.828  28.486  30.440  33.070  34.813  37.392   0.000   0.000   0.000

//hydroperoxyl-vinoxy radical
hoo_vinoxy                -35.219    73.727  21.044  25.439  28.985  31.674  35.203  37.276  39.598   0.000   0.000   0.000

//ethyl-hydroperoxide
CH3OOCH2O                 -29.253    81.274  22.724  26.951  30.525  33.478  38.037  41.374  46.433   0.000   0.000   0.000

//2-hydroperoxyl-ethylperoxy radical
HOOCH2CH2OO               -21.460    89.696  29.552  33.824  37.039  39.593  43.544  46.512  51.215   0.000   0.000   0.000

//propadienylidene singlet
H2CCC(S)                  132.136    58.667  12.446  13.958  15.368  16.606  18.613  20.132  22.506   0.000   0.000   0.000

//HCCCH singlet
HCCCH(S)                  142.727    59.457  14.124  15.722  16.994  18.026  19.636  20.861  22.850   0.000   0.000   0.000

//propynylidene triplet
HCCCH(T)                  130.529    63.781  16.803  17.706  18.466  19.130  20.259  21.205  22.910   0.000   0.000   0.000

//propargyl radical
C3H3                       84.199    60.623  14.902  17.212  18.998  20.432  22.682  24.423  27.317   0.000   0.000   0.000

//allene
allene                     45.072    59.336  13.967  17.020  19.626  21.787  25.176  27.734  31.818   0.000   0.000   0.000

//propyne
propyne                    44.284    58.986  14.368  17.141  19.547  21.601  24.925  27.494  31.649   0.000   0.000   0.000

//cyclopropene
cC3H4                      67.589    58.015  12.508  16.018  19.007  21.428  25.074  27.721  31.841   0.000   0.000   0.000

//allyl radical
allyl                      40.585    61.540  14.885  18.725  21.975  24.634  28.721  31.759  36.602   0.000   0.000   0.000

//cyclopropyl
cC3H5                      69.882    61.584  13.614  17.846  21.434  24.320  28.647  31.786  36.685   0.000   0.000   0.000

//propen-2-yl (1-methyl-vinyl) radical
propen2yl                  60.498    65.408  15.139  18.179  21.042  23.559  27.655  30.784  35.731   0.000   0.000   0.000

//propen-1-yl (2-methyl-vinyl) radical
propen1yl                  64.052    64.876  15.279  18.478  21.363  23.847  27.842  30.889  35.745   0.000   0.000   0.000

//cyclopropane
cC3H6                      13.022    56.668  13.356  18.125  22.345  25.821  31.105  34.964  40.997   0.000   0.000   0.000

//propene
C3H6                        4.607    63.630  15.382  19.098  22.571  25.602  30.502  34.236  40.173   0.000   0.000   0.000

//propene triplet
C3H6(T)                    71.616    70.488  17.326  20.881  24.120  26.919  31.453  34.939  40.466   0.000   0.000   0.000

//n-propyl radical
npropyl                    24.271    69.303  17.348  21.505  25.276  28.526  33.776  37.810  44.287   0.000   0.000   0.000

//isopropyl radical
ipropyl                    21.249    68.901  16.369  20.253  24.072  27.481  33.066  37.343  44.108   0.000   0.000   0.000

//propane
C3H8                      -25.203    66.066  17.757  22.393  26.702  30.469  36.602  41.318  48.850   0.000   0.000   0.000

//propynonyl radical
HCCCO                      69.086    66.418  15.566  17.096  18.236  19.163  20.623  21.714  23.411   0.000   0.000   0.000

//propynal
propynal                   31.776    65.537  15.100  17.478  19.409  20.994  23.447  25.241  27.984   0.000   0.000   0.000

//propadienal
CH2CCO                     31.160    66.052  15.092  17.264  19.130  20.716  23.234  25.101  27.947   0.000   0.000   0.000

//vinyl-formyl radical
CH2CHCO                    23.236    67.913  15.612  18.585  21.167  23.324  26.646  29.052  32.709   0.000   0.000   0.000

//1-formyl-vinyl radical
CH2CCHO                    45.164    70.258  16.308  19.124  21.611  23.723  27.020  29.411  32.991   0.000   0.000   0.000

//2-formyl-vinyl radical
CHCHCHO                    44.384    67.331  16.240  19.738  22.686  25.026  28.292  30.371  33.172   0.000   0.000   0.000

//acrolein
acrolein                  -15.511    65.350  16.875  20.407  23.492  26.098  30.139  33.039  37.305   0.000   0.000   0.000

//acrolein triplet
acrolein(T)                45.847    69.681  18.774  22.181  25.079  27.475  31.172  33.882  37.991   0.000   0.000   0.000

//methyl-ketene
methylketene              -15.137    68.576  16.455  19.542  22.364  24.815  28.752  31.711  36.314   0.000   0.000   0.000

//oxetene
oxetene                    12.636    62.927  14.061  18.436  22.192  25.213  29.643  32.733  37.351   0.000   0.000   0.000

//allyloxy radical
allyloxy                   23.695    72.632  18.451  22.366  25.849  28.762  33.265  36.562  41.635   0.000   0.000   0.000

//propen-2-oxy radical
propen2oxy                 -6.892    72.934  17.861  21.848  25.330  28.259  32.823  36.173  41.247   0.000   0.000   0.000

//2-formyl-ethyl radical
CH2CH2CHO                   6.623    75.408  19.408  22.494  25.450  28.064  32.311  35.534  40.591   0.000   0.000   0.000

//oxiranyl-methyl radical
oxiranylmethyl             25.964    69.926  17.893  22.389  26.157  29.167  33.614  36.786  41.683   0.000   0.000   0.000

//vinoxyl-methyl radical
CH2OCHCH2                  22.086    72.905  19.071  23.063  26.469  29.237  33.387  36.377  41.022   0.000   0.000   0.000

//1-formyl-ethyl radical
CH3CHCHO                   -5.700    71.271  18.055  21.584  24.930  27.854  32.529  36.020  41.385   0.000   0.000   0.000

//propionyl radical
CH3CH2CO                   -6.919    74.679  17.762  20.928  24.041  26.823  31.363  34.804  40.182   0.000   0.000   0.000

//2-oxetanyl radical
oxetanyl2                  24.420    67.616  15.345  20.118  24.337  27.798  32.981  36.653  42.164   0.000   0.000   0.000

//3-oxetanyl radical
oxetanyl3                  30.557    66.777  16.188  20.783  24.882  28.263  33.353  36.969  42.379   0.000   0.000   0.000

//1-hydroxyl-allyl
hydroxyl1allyl             -2.209    70.175  19.347  23.577  27.069  29.849  33.947  36.892  41.563   0.000   0.000   0.000

//2-hydroxyl-allyl
hydroxyl2allyl             -1.576    69.254  19.737  24.218  27.654  30.297  34.159  36.969  41.531   0.000   0.000   0.000

//acetone
acetone                   -51.977    70.899  17.532  21.653  25.522  28.904  34.336  38.414  44.767   0.000   0.000   0.000

//propanal (propaldehyde)
propanal                  -45.041    73.497  18.919  22.416  25.987  29.231  34.574  38.630  44.939   0.000   0.000   0.000

//propen-1-ol
propen1ol                 -35.849    70.849  20.671  24.561  28.022  30.977  35.680  39.253  45.019   0.000   0.000   0.000

//propen-2-ol
propen2ol                 -40.585    69.602  20.595  25.298  29.058  32.045  36.547  39.890  45.318   0.000   0.000   0.000

//propylene-oxide
cC3H6O                    -22.254    68.534  17.377  22.084  26.330  29.916  35.483  39.565  45.860   0.000   0.000   0.000

//oxetane
oxetane                   -18.984    65.615  15.214  20.428  25.240  29.292  35.485  39.924  46.599   0.000   0.000   0.000

//allyl-alcohol
propen3ol                 -30.080    72.639  21.542  25.014  28.203  31.012  35.600  39.144  44.922   0.000   0.000   0.000

//cyclopropanol
cyclopropanol             -24.243    68.026  18.046  23.137  27.432  30.893  36.073  39.831  45.769   0.000   0.000   0.000

//n-propyloxy radical
npropoxy                   -8.073    75.655  20.762  25.478  29.707  33.323  39.081  43.409  50.173   0.000   0.000   0.000

//isopropyloxy radical
ipropoxy                  -10.664    72.525  20.827  25.556  29.742  33.303  38.965  43.242  50.000   0.000   0.000   0.000

//3-hydroperoxy-propyl radical
CH2CH2CH2OH               -11.538    79.475  22.039  26.168  30.066  33.408  38.680  42.656  49.055   0.000   0.000   0.000

//1-hydroxy-propyl radical
CH3CH2CHOH                -17.590    78.735  21.219  25.668  29.690  33.112  38.509  42.571  49.060   0.000   0.000   0.000

//1-methyl-2-hydroxy-ethyl radical
CH3CHCH2OH                -13.795    80.420  21.043  25.107  28.976  32.376  37.867  42.053  48.757   0.000   0.000   0.000

//2-hydroxyl-propyl radical
CH3CHOHCH2                -14.714    77.935  22.674  26.974  30.742  33.915  38.934  42.771  49.052   0.000   0.000   0.000

//1-methyl-1-hydroxyl-ethyl radical
CH3COHCH3                 -22.896    74.562  21.775  26.053  29.947  33.298  38.637  42.675  49.128   0.000   0.000   0.000

//ethoxyl-methyl radical
CH3CH2OCH2                 -7.287    76.058  21.441  25.698  29.733  33.234  38.792  42.947  49.453   0.000   0.000   0.000

//2-methoxyl-ethyl radical
CH2CH2OCH3                 -1.319    77.592  21.214  25.297  29.205  32.656  38.258  42.512  49.206   0.000   0.000   0.000

//1-methoxyl-ethyl radical
CH3CHOCH3                  -8.641    75.541  21.477  25.803  29.729  33.086  38.465  42.577  49.155   0.000   0.000   0.000

//n-propanol
npropanol                 -61.284    76.307  20.866  25.943  30.623  34.650  41.045  45.854  53.483   0.000   0.000   0.000

//isopropanol
ipropanol                 -65.424    74.202  21.770  26.888  31.470  35.354  41.489  46.126  53.569   0.000   0.000   0.000

//ethyl-methyl-ether
EME                       -51.942    73.519  22.572  26.948  31.119  34.897  41.198  46.070  53.781   0.000   0.000   0.000

//allylperoxy radical
allylperoxy                21.200    80.556  21.146  25.434  29.199  32.340  37.164  40.674  46.074   0.000   0.000   0.000

//propen-1-peroxy radical
propen1peroxy              19.177    76.696  22.446  26.758  30.497  33.584  38.244  41.571  46.621   0.000   0.000   0.000

//propen-2-peroxy radical
propen2peroxy              15.984    76.198  23.081  27.645  31.326  34.258  38.620  41.761  46.637   0.000   0.000   0.000

//2-formyl-ethoxy radical
OCHCH2CH2O                -25.676    82.319  20.717  24.950  28.848  32.167  37.303  40.995  46.475   0.000   0.000   0.000

//1-formyl-ethoxy radical
CH3CHOCHO                 -27.168    79.542  22.135  26.412  30.173  33.300  38.066  41.488  46.644   0.000   0.000   0.000

//acetyl-methoxy radical
CH3COCH2O                 -31.345    78.328  21.085  25.767  29.923  33.337  38.348  41.786  46.818   0.000   0.000   0.000

//oxiranylmethoxy radical
oxiranylmethoxy            -2.738    76.885  19.761  24.690  29.063  32.657  38.018  41.772  47.306   0.000   0.000   0.000

//allyl-hydroperoxide
CH2CHCH2OOH               -11.901    82.028  25.135  29.031  32.690  35.843  40.796  44.469  50.249   0.000   0.000   0.000

//propen-1-hydroperoxide
propen1ooh                -15.283    81.557  23.578  28.046  31.992  35.298  40.409  44.170  50.069   0.000   0.000   0.000

//propen-2-hydroperoxide
propen2ooh                -19.819    78.901  24.922  29.698  33.460  36.482  41.122  44.595  50.198   0.000   0.000   0.000

//n-propylperoxy radical
npropylperoxy              -9.762    83.486  23.015  28.238  32.940  36.915  43.109  47.671  54.730   0.000   0.000   0.000

//isopropylperoxy radical
ipropylperoxy             -14.373    80.870  24.247  29.244  33.669  37.422  43.342  47.771  54.724   0.000   0.000   0.000

//3-hydroperoxyl-1-propyl radical
QOOH_1                      6.809    88.506  25.248  30.372  34.765  38.398  43.989  48.101  54.526   0.000   0.000   0.000

//3-hydroperoxyl-2-propyl radical
QOOH_2                      4.644    88.239  24.230  29.075  33.496  37.257  43.123  47.442  54.148   0.000   0.000   0.000

//2-methyl-2-hydroperoxyl-ethyl radical
QOOH_3                      4.077    86.863  26.485  31.256  35.420  38.884  44.223  48.167  54.418   0.000   0.000   0.000

//n-propyl-hydroperoxide
npropylooh                -43.306    84.192  25.706  31.192  36.068  40.199  46.678  51.491  59.007   0.000   0.000   0.000

//isopropyl-hydroperoxide
ipropylooh                -47.686    82.430  26.878  32.342  37.095  41.079  47.288  51.904  59.171   0.000   0.000   0.000

//1-formyl-ethylperoxy radical
CH3CHOOCHO                -28.683    86.840  25.578  30.377  34.459  37.764  42.677  46.156  51.402   0.000   0.000   0.000

//2-formyl-ethylperoxy radical
OCHCH2CH2OO               -27.501    88.332  27.204  31.130  34.486  37.418  42.170  45.728  51.188   0.000   0.000   0.000

//acetyl-methylperoxy radical
CH3COCH2OO                -31.999    86.932  25.238  29.958  33.996  37.299  42.286  45.858  51.258   0.000   0.000   0.000

//oxiranyl-methylperoxy
oxiranylmoo                -3.756    85.336  23.625  28.595  33.065  36.764  42.289  46.160  51.895   0.000   0.000   0.000

//1-formyl-ethyl-hydroperoxide
CH3CHOOHCHO               -64.046    86.869  28.656  33.764  38.091  41.614  46.838  50.504  56.009   0.000   0.000   0.000

//2-formyl-ethyl-hydroperoxide
OCHCH2CH2OOH              -61.721    89.678  29.398  33.269  36.951  40.230  45.513  49.441  55.469   0.000   0.000   0.000

//acetyl-methyl-hydroperoxide
CH3COCH2OOH               -68.961    85.834  28.339  33.752  38.208  41.764  46.966  50.605  56.094   0.000   0.000   0.000

//oxiranyl-methyl-hydroperoxide
cC2H3OCH2OOH              -40.231    82.285  28.904  34.868  39.572  43.175  48.190  51.591  56.799   0.000   0.000   0.000

//3-hydroperoxy-propylperoxy radical
HOOCH2CH2CH2OO            -28.140    97.982  34.868  40.135  44.707  48.533  54.436  58.745  65.380   0.000   0.000   0.000

//1-methyl-2-hydroperoxy-ethylperoxy radical
CH3CHOOCH2OOH             -31.242    97.229  36.165  41.945  46.337  49.781  55.071  59.075  65.505   0.000   0.000   0.000

//2-hydroperoxy-propylperoxy radical
CH3CHOOHCH2OO             -31.149    96.950  36.515  42.429  47.245  51.041  56.519  60.371  66.327   0.000   0.000   0.000

//1,3-dihydroperoxy-prop-2-yl radical
HOOCH2CHCH2OOH            -15.611    95.309  38.231  48.369  54.363  57.483  60.489  62.478  66.333   0.000   0.000   0.000

//2,3-dihydroperoxy-prop-1-yl radical
CH2CHOOHCH2OOH            -15.837   103.475  35.627  41.461  46.230  49.999  55.508  59.397  65.337   0.000   0.000   0.000

//1,3-butadiyne
HCCCCH                    109.864    58.912  17.017  19.654  21.440  22.778  24.797  26.331  28.861   0.000   0.000   0.000

//but-3-yn-1-en-1-yl radical
HCCCHCH                   130.181    67.346  17.244  20.414  22.801  24.664  27.474  29.555  32.868   0.000   0.000   0.000

//but-1-yn-3-en-3-yl radical
CH2CCCH                   118.749    70.267  18.680  21.245  23.288  24.972  27.641  29.676  32.946   0.000   0.000   0.000

//1-buten-3-yne
CH2CHCCH                   69.023    66.235  17.179  20.880  23.885  26.319  30.057  32.835  37.245   0.000   0.000   0.000

//1,2,3-butatriene
butatriene123              76.698    65.154  17.514  21.007  23.923  26.334  30.104  32.926  37.371   0.000   0.000   0.000

//1,2-butadien-1-yl radical
CH3CHCCH                   76.796    71.892  18.796  22.592  25.825  28.541  32.837  36.079  41.229   0.000   0.000   0.000

//1,3-butadien-2-yl radical
CH2CHCCH2                  76.211    69.580  18.791  23.052  26.587  29.469  33.895  37.167  42.307   0.000   0.000   0.000

//1,3-butadien-1-yl radical
CH2CHCHCH                  86.372    68.326  18.727  23.697  27.655  30.652  34.828  37.701  42.137   0.000   0.000   0.000

//1-butyne
butyne1                    40.086    69.180  19.467  23.900  27.686  30.861  35.893  39.713  45.811   0.000   0.000   0.000

//1,2-butadiene
CH3CHCCH2                  38.522    69.709  18.949  23.200  27.031  30.319  35.571  39.537  45.785   0.000   0.000   0.000

//1,3-butadiene
butadiene13                26.497    65.819  18.482  23.965  28.661  32.350  37.557  41.123  46.590   0.000   0.000   0.000

//1-methyl-allyl
m1_allyl                   32.909    71.990  19.860  24.811  29.290  33.101  39.099  43.575  50.602   0.000   0.000   0.000

//2-methyl-allyl
m2_allyl                   33.333    70.246  19.588  24.938  29.515  33.315  39.222  43.621  50.574   0.000   0.000   0.000

//1-buten-1-yl
buten1yl1                  59.278    74.497  20.575  25.356  29.574  33.154  38.837  43.129  49.921   0.000   0.000   0.000

//3-buten-1-yl
buten3yl1                  49.793    75.467  20.739  25.338  29.497  33.052  38.708  42.987  49.792   0.000   0.000   0.000

//2-buten-2-yl
buten22yl                  53.827    74.383  20.309  24.460  28.515  32.141  38.080  42.605  49.702   0.000   0.000   0.000

//1-butene
butene1                    -0.014    73.182  20.824  26.078  30.855  34.962  41.526  46.493  54.356   0.000   0.000   0.000

//cis-2-butene
butene2c                   -1.534    73.277  20.325  25.281  30.029  34.222  41.021  46.172  54.247   0.000   0.000   0.000

//trans-2-butene
butene2t                   -2.738    70.677  21.142  25.958  30.537  34.592  41.204  46.250  54.235   0.000   0.000   0.000

//isobutene
isobutene                  -4.119    70.164  21.121  26.147  30.767  34.802  41.347  46.344  54.274   0.000   0.000   0.000

//1-butyl radical
butyl_1                    19.318    78.540  23.005  28.544  33.594  37.935  44.885  50.167  58.559   0.000   0.000   0.000

//2-butyl radical
butyl_2                    16.616    79.048  21.878  27.229  32.315  36.787  44.042  49.565  58.276   0.000   0.000   0.000

//isobutyl radical
ibutyl                     17.766    76.440  23.139  28.925  34.009  38.302  45.116  50.296  58.581   0.000   0.000   0.000

//tert-butyl radical
tbutyl                     12.980    76.215  21.711  26.638  31.617  36.121  43.546  49.221  58.128   0.000   0.000   0.000

//n-butane
nbutane                   -30.036    73.694  23.971  29.745  35.176  39.946  47.715  53.665  63.113   0.000   0.000   0.000

//isobutane
ibutane                   -32.025    71.156  23.899  30.207  35.819  40.565  48.083  53.802  63.009   0.000   0.000   0.000


