//Name				c_g		e_g		s_g		a_g		b_g		l_g		c_h		e_h		s_h		a_h		b_h		l_h		B		comments
benzene				0.107	-0.313	1.053	0.457	0.169	1.02	-4.637	4.446	-12.599	-9.775	-4.023	-8.488	0.0
butanol				-0.039	-0.276	0.539	3.781	0.995	0.934	-7.629	0.0		0.0		-50.806	-4.261	-8.507	0.0
carbontet			0.282	-0.303	0.46	0		0		1.047	-6.441	3.517	-4.824	0.0		-7.045	-8.886	0.0
chloroform			0.168	-0.595	1.256	0.28	1.37	0.981	-6.516	8.628	-13.956	-2.712	-17.334	-8.739	0.0
cyclohexane			0.163	-0.11	0		0		0		1.013	-6.507	3.375	0.0		0.0		0.0		-9.078	0.0
decane				0.156	-0.143	0		0		0		0.989	-6.708	2.999	0.0		0.0		0.0		-9.279	0.0
dichloroethane		0.011	-0.15	1.436	0.649	0.736	0.936	-2.345	5.555	-18.328	-9.599	-7.101	-8.045	0.0
dimethylformamide	-0.174	-0.339	2.315	4.112	0		0.83	-4.324	0.0		-15.168	-42.211	-8.253	-7.118	0.0
dimethylsulfoxide	-0.59	-0.2	2.89	5.46	0		0.732	-2.546	-0.329	-18.448	-47.419	-5.861	-6.38	0.0
dodecane			0.053	0		0		0		0		0.986	-6.708	2.999	0.0		0.0		0.0		-9.279	0.0
ethanol				0.012	-0.206	0.789	3.635	1.311	0.853	-6.558	0.0		0.0		-48.600	-11.899	-8.298	0.0
heptane				0.275	-0.162	0		0		0		0.983	-6.708	2.999	0.0		0.0		0.0		-9.279	0.0
hexadecane			0		0		0		0		0		1		-6.708	2.999	0.0		0.0		0.0		-9.279	0.0
hexane				0.292	-0.169	0		0		0		0.979	-6.708	2.999	0.0		0.0		0.0		-9.279	0.0
isooctane			0.275	-0.244	0		0		0		0.972	-6.708	2.999	0.0		0.0		0.0		-9.279	0.0
nonane				0.2		-0.145	0		0		0		0.98	-6.708	2.999	0.0		0.0		0.0		-9.279	0.0
octane				0.215	-0.049	0		0		0		0.967	-6.708	2.999	0.0		0.0		0.0		-9.279	0.0
octanol				-0.12	-0.203	0.56	3.56	0.702	0.939	-6.49	-1.04	5.89	-53.99	-8.99	-9.18	0.45
pentane				0.335	-0.276	0		0		0		0.968	-6.708	2.999	0.0		0.0		0.0		-9.279	0.0
toluene				0.121	-0.222	0.938	0.467	0.099	1.012	-5.107	0.226	-11.339	-2.25	-6.984	-8.272	0.0
undecane			0.113	0		0		0		0		0.971	-6.708	2.999	0.0		0.0		0.0		-9.279	0.0
water				-1.271	0.822	2.743	3.904	4.814	-0.213 -13.310	9.91	2.836	-32.010	41.816	-6.354	0.0
dibutylether		0.369	-0.216	0.026	2.626	-0.499	1.124	-6.366	3.943	-5.105	-33.970	0.0		-9.325	0.0
acetonitrile		-0.007	-0.595	2.461	2.085	0.418	0.738	-4.148	3.304	-18.430	-26.104	-7.535	-6.727	0.0
ethylacetate		0.203	-0.335	1.251	2.949	0		0.917	-7.063	4.671	-15.141	-28.763	0.0		-7.691	0.0

// carbondisulfide	0.101	0.251	0.177	0.027	0.095	1.068
// chlorobenzene	0.053	-0.553	1.254	0.364	0	1.041
// decanol	-0.136	-0.068	0.325	3.674	0.767	0.947
// diethylether	0.288	-0.347	0.775	2.985	0	0.973
// heptanol	-0.062	-0.168	0.429	3.541	1.181	0.927
// hexanol	-0.035	-0.298	0.626	3.726	0.729	0.936
// isopropanol	-0.06	-0.335	0.702	4.017	1.04	0.893
// pentanol	-0.042	-0.277	0.526	3.779	0.983	0.932
// propanol	-0.028	-0.185	0.648	4.022	1.043	0.869
// secbutanol	-0.136	-0.038	0.325	3.674	0.767	0.947
// tetrahydrofuran	0.189	-0.347	1.238	3.289	0	0.982
// nitrobenzene	-0.295	0.121	1.682	1.247	0.37	0.915
// diisopropylether	0.114	-0.032	0.685	3.108	0	0.94